id gender age1 age2 age3 age4 iq1 iq2 iq3 iq4
1 1 . 4.083 6.250 13.250 . 4.655 7.188 15.238
2 1 . 4.500 6.417 13.167 . 5.175 6.995 15.405
3 1 . 3.667 6.667 12.583 . 3.997 7.534 13.338
4 1 . 4.667 7.917 13.833 . 5.647 11.005 18.260
5 1 . 3.333 6.250 12.250 . 3.833 7.063 12.128
6 1 . 3.750 6.167 13.250 . 3.825 6.845 17.490
7 1 . 3.667 6.667 12.833 . 4.327 8.334 14.758
8 1 . 4.417 6.583 13.667 . 5.521 7.505 14.487
9 1 . 4.250 6.750 13.667 . 3.655 7.020 15.307
10 1 . 4.750 7.667 14.083 . 5.178 7.360 14.083
11 1 . 4.500 6.583 13.583 . 4.815 6.978 15.349
12 1 . 2.000 5.250 11.500 . 2.240 6.510 15.180
13 1 . 3.333 6.250 12.417 . 4.000 6.813 14.652
14 1 . 4.000 6.333 13.417 . 4.320 7.916 18.918
15 1 . 3.833 5.833 12.667 . 4.485 6.650 14.440
16 1 5.583 7.083 10.417 16.333 6.979 9.491 13.125 21.070
17 1 . 4.167 6.250 13.167 . 5.334 9.250 19.092
18 1 . 4.250 6.667 13.750 . 4.335 7.467 16.225
19 1 . 3.667 6.583 12.833 . 3.667 8.426 15.400
20 1 . 3.833 6.000 13.000 . 4.331 6.840 14.690
21 1 3.083 5.583 10.583 16.167 3.669 5.639 10.795 17.137
22 1 3.583 5.583 8.833 15.000 3.655 5.974 9.981 19.500
23 1 3.250 6.333 8.833 15.583 3.218 6.333 9.098 14.648
24 1 3.250 5.167 8.500 14.417 3.835 5.839 10.370 17.733
25 1 . 4.083 6.500 13.500 . 5.349 8.190 18.765
26 1 . 2.667 5.583 11.583 . 3.467 6.420 12.857
27 1 3.500 5.250 8.250 14.250 4.655 6.353 9.488 16.815
28 1 . 4.333 6.500 13.500 . 3.770 6.695 16.335
29 1 . 3.750 6.667 12.833 . 4.350 8.334 15.656
30 1 . 4.917 6.417 12.417 . 4.671 6.738 13.162
31 1 . 4.750 8.167 14.083 . 4.513 7.514 14.646
32 1 3.167 5.250 8.167 14.333 3.009 4.673 9.392 16.626
33 1 . 3.917 6.833 13.750 . 4.152 7.175 14.988
34 1 . 4.917 7.833 13.750 . 5.655 9.243 15.400
35 1 3.167 6.083 8.500 15.500 3.294 6.509 9.095 17.515
36 1 . 4.000 6.250 13.167 . 5.320 8.000 18.039
37 1 . 4.583 6.833 13.667 . 4.491 6.355 16.127
38 1 . 3.750 6.667 12.917 . 3.675 7.067 13.821
39 1 . 5.667 8.500 14.417 . 5.837 8.585 14.561
40 1 . 3.083 6.000 12.250 . 3.730 7.140 13.965
41 0 4.083 6.750 9.000 15.750 3.675 6.345 8.550 14.175
42 0 . 4.083 6.250 13.083 . 4.655 6.500 14.130
43 0 . 4.167 7.417 13.167 . 5.167 8.604 17.644
44 0 3.000 4.417 7.667 13.833 2.970 4.505 9.814 19.643
45 0 . 2.833 6.083 12.250 . 3.173 7.178 15.190
46 0 . 2.333 5.167 11.417 . 2.520 5.994 11.988
47 0 . 2.500 6.417 13.417 . 2.250 6.353 10.465
48 0 . 2.500 6.417 13.417 . 2.250 5.519 11.002
49 0 3.750 5.917 8.833 14.750 4.350 6.805 11.483 20.355
50 0 . 3.333 6.250 12.167 . 3.233 6.313 13.992
51 0 . 5.083 8.417 14.417 . 5.490 9.427 14.273
52 0 . 2.667 5.167 12.083 . 3.014 5.012 12.325
53 0 3.417 5.250 8.500 14.500 4.340 6.353 10.115 16.095
54 0 . 3.833 6.667 12.750 . 4.331 7.534 13.005
55 0 . 3.750 6.000 13.000 . 5.325 8.520 17.030
56 0 . 4.500 7.750 13.667 . 4.185 7.673 12.574
57 0 . 2.583 5.500 11.667 . 3.255 7.645 15.167
58 0 3.833 5.833 8.000 14.917 4.485 6.650 9.520 16.856
59 0 . 4.167 6.667 13.333 . 4.500 7.000 16.000
60 0 . 2.250 5.167 11.333 . 2.453 4.650 13.033
61 0 . 2.417 5.333 11.333 . 2.731 6.666 15.300
62 0 6.750 9.333 12.333 18.500 7.560 9.893 12.456 24.605
63 0 . 4.333 6.333 13.167 . 5.980 7.853 16.327
64 0 . 4.583 6.667 13.417 . 5.500 8.000 17.308
65 0 . 3.583 5.833 12.750 . 4.658 7.350 15.938
66 0 . 2.333 5.250 11.250 . 2.636 5.985 14.288
67 0 3.167 6.167 9.250 15.000 3.484 6.845 10.545 15.450
68 0 . 4.000 6.167 13.167 . 5.840 8.140 20.014
69 0 . 4.333 6.417 13.167 . 4.506 6.802 15.142
70 0 4.833 7.167 10.167 16.083 5.316 8.099 10.879 18.978
71 0 . 2.333 5.333 11.333 . 2.613 6.080 13.826
72 0 . 4.333 6.500 13.500 . 3.986 6.825 14.040
73 0 . 5.833 8.750 14.667 . 6.475 11.288 19.214
74 0 . 3.833 6.083 13.083 . 5.328 7.178 17.008
75 0 . 4.417 6.583 13.583 . 5.521 9.150 16.707
76 0 4.167 7.250 10.500 16.500 4.542 6.670 9.135 13.860
77 0 . 3.083 6.083 12.250 . 4.008 8.577 15.925
78 0 . 2.000 5.000 11.250 . 2.240 6.350 15.638
79 0 . 4.250 6.083 13.333 . 5.653 7.847 16.800
80 0 . 3.917 6.333 13.333 . 4.348 7.726 16.800
81 0 . 4.250 6.500 13.500 . 3.995 6.175 10.800
82 0 5.583 7.833 10.583 17.167 4.522 6.815 8.466 12.704
83 0 . 2.917 5.833 11.833 . 3.121 7.175 13.135
84 0 . 4.167 6.583 13.667 . 5.500 8.690 16.400
85 0 . 3.167 6.250 12.417 . 3.325 8.188 17.011
86 0 . 3.083 6.333 12.500 . 4.162 9.310 17.125
87 0 . 3.333 6.333 12.500 . 4.833 7.916 16.625
88 0 . 4.583 7.917 14.083 . 5.179 8.946 17.181
89 0 . 2.667 4.917 11.833 . 3.467 5.655 14.555
90 0 4.750 7.333 10.250 16.250 4.988 7.480 11.788 18.200
91 0 . 3.667 6.667 12.750 . 3.667 6.867 12.878
92 0 . 3.417 6.500 12.250 . 3.998 7.150 12.985
93 0 . 3.417 5.583 12.333 . 3.656 6.141 14.306
94 0 . 3.417 6.417 12.333 . 3.827 6.995 13.690
95 0 . 2.333 5.167 11.417 . 2.963 6.665 16.326
96 0 . 4.167 6.583 13.583 . 5.167 7.636 16.435
97 0 . 5.083 8.083 14.167 . 5.337 8.810 14.734
98 0 . 3.583 6.250 12.917 . 4.013 7.438 13.692
99 0 . 2.333 4.583 11.833 . 2.380 5.179 14.555
100 0 . 3.750 6.667 12.583 . 4.013 8.534 13.967
