id group b1 b2 month1 month2 month3 month4
  1   1  11  12  11  12  15  18
  2   1   5   6   7   8   7   9
  3   1  11   8   8   9  10  13
  4   1  10   8  10   8  12  12
  6   1   7   7  10   8   9  11
  7   1   5   5   7   5   6   7
  8   1   7   7   7   8   9  11
  9   1  10  11  13  11  14  17
 10   1   3   2   2   4   3   5
 11   1   7   7   8   9  10  10
 12   1   7   7   9   8  11  11
 14   1   5   5   5   5   7  10
 15   1   7   6   8   6   9   8
 17   1   9   8  10   8  11  14
 18   1   2   5   5   5   7   9
 19   1   6   3   4   6   4   7
 20   1   5   5   5   6   7   6
 21   2   1   2   4   3   0   6
 22   2   8   6   7   7  10   7
 23   2   4   4   2   5   6   5
 24   2   8   9   8  10   9  12
 26   2   4   5   5   6   4   6
 27   2   3   1   2   2   2   3
 28   2   9  10  10  13   9  12
 29   2   8  11  12  14  11  15
 30   2   6   4   1   3   8   4
 31   2   2   2   3   5   1   0
 32   2   1   4   1   5   1   4
 33   2   8  11  13  13  10  14
 34   2   4   3   5   3   6   6
 35   2   5   4   6   7   8   6
 36   2   2   1   1   1   1   2
 37   2   7   7   8  10   8   8
 38   2   5   5   7   6   6   7
 39   2   4   4   3   4   2   5
 40   2   5   7   7   8   6   8 

