id read1 read2 read3 read4 boy m_age age cognition emotion SMS
      22  21  39   .   .   0  28   6.08   12   10    0 
      34  21  29  45  45   1  28   6.83    8    9    0 
      58  23  45  42  46   0  28   6.50    8    6    0 
     122  37  80   .   .   1  28   7.83   12   10    0 
     125  23  38  43  62   0  29   7.42    9    8    0 
     133  18  26  41  40   1  28   6.75    7    9    1 
     163  35  48  58  75   1  28   7.17    9   10    1 
     190  29  61   .   .   0  28   6.67    8    8    0 
     227  18  38  40   .   0  29   6.25   11   10    0 
     248  35  57  70  69   0  28   7.50    8    9    1 
     251  26  38  63  61   1  29   7.42    5    9    0 
     300  18  37  44  42   1  28   6.08    6   11    0 
     326  18  32   .  54   1  29   6.08   12   10    1 
     348  22  40  51  63   1  27   7.00    9   11    0 
     382  25  37  41  72   0  27   7.17    6    4    0 
     400  24  50  51  58   1  27   6.00    7    8    1 
     405  31  41   .  55   1  27   6.25   13   11    0 
     427  28  57  53  58   1  28   7.50    8    3    0 
     431  14  22  23   .   0  27   6.42    9    9    0 
     480  35  43  48  59   0  27   7.67    9   11    0 
     484  67  82  69   .   0  28   8.00   12   11    1 
     486  31  47  56  64   1  27   6.67    6    7    1 
     494  23  41  58  69   1  27   7.42    9    9    1 
     509  21  39  50  53   1  27   6.33   10   10    0 
     522  30  42  56  62   0  27   7.17    8    9    0 
     533  18  27  40  45   0  28   6.42   10    8    0 
     555  38  57  62  68   0  28   7.75    8    5    0 
     568  18  42  51  72   0  27   6.00    7    8    0 
     637  26  25  33  44   1  27   6.17    3    6    0 
     648  36  52  60  75   0  27   8.00    6    7    1 
     689  18  24  37  54   0  26   6.00   11   13    0 
     747  30  47  65  61   1  26   6.67    5    9    1 
     756  23  42   .  67   0  26   6.50    8    7    1 
     761  21  25  40  33   1  26   7.83    8   11    0 
     768  28  50  60  61   0  27   6.92   11   11    1 
     780  18  29  60   .   1  26   6.08    8   11    1 
     798  18  24  35  44   0  27   6.00    9   12    1 
     813  28  38  39  50   1  26   7.00    2    7    1 
     828  17  28  39  48   0  26   6.42    8    7    1 
     851  31  52  62  68   0  26   6.50    8    8    1 
     858  13  23  25  34   1  26   6.25   12   10    0 
     865  23  41   .  54   0  26   7.50    6    7    1 
     894  18  35  37  56   1  27   6.17   11    9    1 
     906  17  21   .  25   1  26   6.50    9   12    1 
     911  19  23  30  28   1  26   7.75    6    8    1 
     936  33  44  59  58   0  26   8.00    9   10    1 
     939  31  41  47  51   1  26   7.42    7   10    0 
     945  27  49  50   .   0  27   7.83    7   11    1 
     957  21  40  44   .   0  27   7.08   12    6    1 
     963  19  30  41  44   1  27   6.25   11   11    1 
     970  22  39  57  60   0  26   7.58    6   11    0 
    1031  25  40  44  55   0  26   6.33    7    7    0 
    1036  24  39  51  56   1  26   6.92    7   12    0 
    1048  20  40   .  57   0  25   6.42    7    9    1 
    1050  21   .  45  53   0  25   6.17    9   11    0 
    1072  17  21   .   .   1  25   8.00    7    9    1 
    1076  20  43  50  57   0  25   6.75   12   11    0 
    1086  22  32  46  56   0  25   6.92    5    8    0 
    1091  44   .   .   .   0  25   7.50   10    7    0 
    1111  20  26  34   .   0  25   8.00    4    9    0 
    1123  21  32  49  59   0  25   6.50   10   11    0 
    1135  32  40  44  59   0  25   8.00    8   11    1 
    1139  24  36  46  51   0  25   7.92   11   11    0 
    1166  18  26  38  39   1  26   6.75    3    9    1 
    1170  29  40  51   .   1  26   7.83    7    9    1 
    1193  26  35  41  62   1  25   7.17    7    7    1 
    1204  35  43  48  56   0  25   8.00    4    6    1 
    1220  46  60  61  61   0  26   7.58    8    4    0 
    1240  47  60  70  80   0  25   7.92   11   11    0 
    1258  25   .  69  51   0  25   7.92    9    6    0 
    1271  31  41  58  74   0  25   7.67    8    6    1 
    1294  40  55  81   .   0  26   7.83    6    8    0 
    1331  21  30  40  40   0  25   7.00    7    9    0 
    1335  36  38  53  59   1  25   7.50    4    7    0 
    1361  40  61  75  66   1  25   7.33   10   12    1 
    1378  32  36  42  44   1  26   7.67   10   12    0 
    1386  24   .  33   .   1  25   7.58    6   12    0 
    1392  28  51  77  67   0  26   7.83    3   10    1 
    1412  56  46  60  63   1  25   6.33    9    7    0 
    1419  18  30   .   .   1  24   6.83    7    8    0 
    1422  18  38  47   .   0  25   6.33    7    8    1 
    1456  23  44  56  72   0  24   6.75    8   11    1 
    1463  22  37  48  54   1  25   7.08    8    7    1 
    1466  35  42  49  44   0  24   7.83    9    7    1 
    1491  23  42  53  54   1  25   6.58   11   11    0 
    1498  38  55  78   .   1  24   6.58    9   11    1 
    1515  21  30  37  48   1  24   6.50    7   10    1 
    1530  27  47  59  69   1  24   7.17    7   12    1 
    1537  18  31  37  43   0  24   6.25    5    7    0 
    1550  39  51   .   .   0  24   7.42    4    8    0 
    1552  18  35  45  59   1  25   6.00   12    8    1 
    1559  23  27  41  44   0  24   8.00    9    3    1 
    1577  18  26  33   .   1  25   6.67    1    0    0 
    1582  23  60  78   .   0  24   6.33   10    8    1 
    1584  21  31  39  47   0  25   6.92   11    9    0 
    1599  18   .  24   .   1  24   6.17    6    9    0 
    1608  38  48   .  70   1  24   7.42    5    5    0 
    1621  35  48  54  62   1  25   7.83   10   11    1 
    1639  15  20   .  26   1  24   6.58   11    9    0 
    1648  41  47   .  64   1  25   7.25   10    9    0 
    1652  36  54  62  77   0  25   6.83   10   11    1 
    1659  37  52  57  78   1  25   6.42    7    9    0 
    1665  43  50  53  67   0  24   8.00    4   11    1 
    1666  47  53  61  70   1  24   7.58    6   11    1 
    1682  18  29   .  42   0  24   6.50    6    5    0 
    1700  18  45  56  58   1  24   6.17    4    5    0 
    1741  21  35  45  51   1  23   6.83    9    4    1 
    1756  24  37  47  55   1  23   7.58    7    7    0 
    1763  26  52   .   .   0  23   6.75    5    6    0 
    1810  21  23   .   .   0  23   6.42    7    6    0 
    1828  25  47  53  55   1  24   6.75    8    7    0 
    1830  19  55  55  55   0  24   6.08    8    7    0 
    1836  21  25  31  34   0  23   8.00    3    3    0 
    1843  23  33  33   .   0  24   7.50    8   11    0 
    1848  18  25  40  41   1  23   6.00   11   10    1 
    1886  30  38  45  55   1  24   6.58    2    5    0 
    1888  25  26  37  35   0  24   7.25    5    7    1 
    1926  17  22   .   .   1  24   6.08    5    5    0 
    1934  32  55  56  49   1  23   7.42    9    3    0 
    1940  19  28  33  36   0  23   6.42    3    6    1 
    1969  18  48  65  68   1  24   6.42   11   10    1 
    1975  24  38  47  52   1  23   6.83    6    9    1 
    1996  18  41  53  79   1  24   7.25    9   11    0 
    2025  29  29  45   .   1  23   6.67   11   10    0 
    2031  28  38  43  50   0  23   7.42    5    7    0 
    2039  17  42   .   .   1  23   6.00    5    6    1 
    2058  35  42  59  63   1  24   6.75    4    7    0 
    2069  17  26  31  35   1  24   6.00    6    9    0 
    2199  18  27  35  37   0  22   6.25    5    7    1 
    2201  37  59  61  83   1  22   7.25   10   10    0 
    2271  31   .  55  62   1  22   6.75   10    7    0 
    2287  35  45  48   .   0  22   7.92    1    5    1 
    2291  16  22   .  27   0  22   6.50    7   12    1 
    2375  20  33  40  47   0  23   6.00   10    9    1 
    2376  20  23  39  45   1  23   6.58    6   10    1 
    2396  20  30   .  58   1  22   6.67    5    3    0 
    2454  20  36  46  55   0  22   6.17   11   10    1 
    2480  18  25  29  35   0  21   6.50    8    7    1 
    2601  48  53  64   .   0  22   7.67    8    7    0 
    2635  20  26   .  39   1  21   7.00    7    7    1 
    2655  20  48   .  63   0  22   6.08    6    4    1 
    2678  45  58  76  80   0  28   8.00    8   11    0 
    2696  20  35  43   .   1  29   7.67    3    8    0 
    2716  35  50  55  77   0  28   6.67    8   12    1 
    2720  18  36  43  51   1  28   7.92    8    9    0 
    2724  18  34   .  49   1  28   6.42    8    5    1 
    2780  24  54  65  77   0  29   6.83   11    8    1 
    2781  42  62  58  61   1  28   7.92   10   12    1 
    2810  32  47  64  74   0  28   6.83   10   12    0 
    2833  21   .  42   .   1  28   7.58    9    9    0 
    2884  33  49  61  68   1  28   7.58   10   13    0 
    2890  27  49  53  66   0  28   7.17    8    8    1 
    2895  35  59  78  71   0  28   7.17   10    9    1 
    2957  29  45  48  64   0  27   6.67   12   10    1 
    3013  22  47  38  57   0  27   7.17    9   12    0 
    3033  27  39  49  55   0  28   7.83    9   12    0 
    3039  40   .   .   .   1  27   7.33    4    8    1 
    3055  22  38   .  54   1  28   7.58    1    6    0 
    3059  18  33  50  62   0  27   6.83    6    9    0 
    3082  16  27  40  57   1  27   6.08    9   10    1 
    3112  22  60  50  56   1  28   7.25    7   12    1 
    3118  23   .   .   .   0  28   7.17   10   10    0 
    3158  23  34  45  48   0  27   6.92    6   10    0 
    3164  43  52   .   .   1  26   8.00    5   10    1 
    3192  21  41  49  58   1  26   7.08   13   13    1 
    3223  18   .   .  55   1  26   6.08   10   12    1 
    3239  23  26  31  40   1  26   6.67   12   11    0 
    3247  38  60  60  69   0  26   7.00   11   11    0 
    3294  18  22  55   .   1  26   6.75    9    7    0 
    3297  31  43   .  53   0  26   7.58    5   11    0 
    3310  23  25  29  36   1  26   7.92    7    6    0 
    3329  17   .   .   .   1  26   6.00    5    6    1 
    3337  24  41   .   .   0  26   6.67    5   11    1 
    3352  24  74  59   .   1  27   6.42    8   12    0 
    3382  27  60   .   .   1  25   6.67    8    6    0 
    3404  34   .  52  76   1  25   7.42    9    8    1 
    3405  20  36  35  51   0  25   6.00    8   12    0 
    3410  20  29  38  44   1  25   7.08    5    8    0 
    3424  22   .   .  64   0  25   6.50    6   11    0 
    3443  13  44  24   .   1  25   6.58   10    5    0 
    3483  21  41  42  43   1  25   7.58    8    9    0 
    3486  15  26  53  56   1  25   6.17    8   10    1 
    3500  12  20  31  34   1  26   7.08    2    9    0 
    3507   1  23   .   .   1  25   6.33    1    9    1 
    3518  18  41  50  51   1  25   6.17    4   10    0 
    3522  18  49  53  78   1  25   6.50    9   12    1 
    3565  14  33   .  60   0  26   6.00    7    6    1 
    3575  24  32  43  57   0  26   7.92    8    4    0 
    3600  19  37   .   .   0  25   6.17   11   12    0 
    3667  19  34  35  50   0  25   6.42    3    5    1 
    3670  28  50   .  75   0  24   7.67    9    8    1 
    3677  17  29  49  60   1  24   6.17    7    9    0 
    3690  16  34  45  57   1  24   7.00    8   11    1 
    3706  24  43  55  55   0  24   7.17    7    5    1 
    3713  18  38  51  65   0  24   6.33    8    9    1 
    3778  20  23  66  58   1  25   6.92   11   10    0 
    3809  20  40  47  60   0  25   6.83   10   11    1 
    3813  15  38  46  64   1  25   6.17    9   12    1 
    3826  18  31   .  48   0  25   6.42    5   10    1 
    3861  24  39  44  48   0  24   7.67    7    3    1 
    3868  18  39  54  58   0  23   6.17    8   10    1 
    3910  20  36  54  61   0  23   6.25    5   13    0 
    3915  25  43   .  79   0  24   7.08    8   13    1 
    3948  17  33   .  46   0  23   6.00    6   10    0 
    3960  31  48  48  65   1  23   7.67    7    9    0 
    3974  26  40  48  51   0  23   6.50    8   12    0 
    3985  27  45   .  70   1  24   7.58    8   11    0 
    4054  23   .   .  60   0  22   6.58    3    9    1 
    4080  19  31  41  51   0  22   6.42    9   10    1 
    4123   4   .   .   .   0  23   6.67    3    8    1 
    4131  24  36  42  47   0  23   7.08    5   10    0 
    4165  18  41  53  55   1  22   6.42    6    7    0 
    4171  14  22  40  52   1  22   6.33    5    9    1 
    4186  18  34  55  64   1  23   6.17    6   11    0 
    4247   7  28  37  41   0  22   6.00    4    7    1 
    4451  23  41  57  67   1  28   7.33    9    9    0 
    4488  26  42  53  69   1  28   6.50    8   12    1 
    4523  72  51  65  76   1  28   7.83    6   10    0 
    4528  22  43  60  63   1  28   6.17    8   11    1 
    4560  23  32  45  53   0  28   7.00    9   10    0 
    4581  18  50   .   .   1  28   6.00    7   10    0 
    4594  26  48  61  74   1  29   6.83    9   10    1 
    4612  17  41  54  73   1  29   6.00    8   10    1 
    4669  43  53  84  79   1  28   7.33    8    7    0 
    4677  18  39  56  65   1  29   6.00    9   11    0 
    4679  18  43  51  72   1  28   6.00   11   13    1 
    4700  17  31  54  61   1  28   6.50    8   11    0 
    4728  27  43  55   .   1  28   7.08   11   10    0 
    4735  28  42   .   .   1  28   7.50    9   12    0 
    4740  22  29  34  51   1  29   7.58    8   12    1 
    4743  30  56  51  65   0  28   7.00   11   12    1 
    4755  20  41  70  80   0  28   6.17    9    9    1 
    4776  21  46  58  68   1  29   7.83   12   12    1 
    4794  27  49  56  67   0  28   7.00   12   12    0 
    4808  38  47  63  67   1  29   7.50    9   11    0 
    4832  35  40  61  62   0  28   6.58   11    6    1 
    4901  28  50   .   .   0  28   7.58   10   11    0 
    4953  18  50   .   .   1  29   6.25    7    5    1 
    4976  16  21   .   .   1  28   6.42    8   11    1 
    5004  37  55   .   .   1  28   6.50    7    8    0 
    5009  20  34   .   .   1  28   7.75    7    6    1 
    5037  29  53   .   .   1  28   7.75    4   12    1 
    5064  32  50   .   .   0  29   7.25   10   10    0 
    5159  35  41  57   .   0  28   7.75   10   12    1 
    5161  27  40  59  65   1  28   6.92   11    9    1 
    5197  18  39   .   .   0  29   6.33    9    8    1 
    5206  34  44   .   .   1  29   7.92    8   10    0 
    5278  18  39  47  58   0  27   6.17    5    8    1 
    5283  34  46  51   .   1  27   7.83   11    9    0 
    5294  35  48  59  67   0  27   6.83    7    9    0 
    5297  17  42  48  56   0  27   6.17    8   11    1 
    5302  18  35  48   .   1  27   6.83    7   10    1 
    5326  23  49  59  60   0  27   6.67   12    7    0 
    5355  18  45  56  64   1  27   6.33    8   12    1 
    5360  38  48  54  71   1  27   7.75   12    9    1 
    5369  32  36  47  59   1  27   7.83    9   12    1 
    5411  23   .   .   .   1  27   7.58   12   12    0 
    5420  14  36  52  60   0  27   6.08    3    9    0 
    5427  28   .   .   .   0  27   7.67    8    7    1 
    5438  30  41  50  55   0  28   6.75    8   11    1 
    5442  32  52  66  79   0  27   7.00    8   10    1 
    5444  43  56  55  58   0  27   7.33    9   11    0 
    5542  18  25  36  47   1  27   6.83   10   11    1 
    5572  44  54  58  63   0  27   7.58   11   12    0 
    5576  17  40  49  52   1  27   6.67   12    8    0 
    5595  24  50  57  69   1  27   6.75   11   10    1 
    5632  20  53  47   .   0  28   6.17   10   12    0 
    5641  29  48   .   .   1  28   6.83    9   12    1 
    5643  21   .   .   .   0  28   6.83    5   10    1 
    5674  18  25   .   .   1  28   6.42    7   10    1 
    5718  25  49   .   .   0  27   7.08    9   11    1 
    5720  20  31   .   .   0  27   6.67    9   11    0 
    5734  21  35   .   .   0  27   6.58    9   11    1 
    5774  51  62   .   .   0  28   7.67    8   10    0 
    5776  24  30   .   .   0  27   7.75    9    7    0 
    5825  20  40   .   .   0  27   7.58    7   13    0 
    5847  46  51   .   .   0  27   8.00    9   12    1 
    5878  17  46  58  72   0  27   6.42   13   12    1 
    5962  28  44  51  60   0  27   6.33    8   11    1 
    6035  23  49   .  77   1  26   6.33    7    8    0 
    6058  18  22   .  40   1  26   6.08    8   10    1 
    6063  20  39  49  77   1  26   6.58   10   10    0 
    6069  27  34  40  47   0  26   7.50   10    5    1 
    6071  31  49  61  67   0  27   7.67   13   12    1 
    6083  23   .   .   .   0  27   7.58    8   12    1 
    6096  18  36  46  47   1  26   6.00    7    9    1 
    6171  22  33  40  42   0  26   7.17    8    9    0 
    6244  37  50  69  57   0  26   7.92   10   11    1 
    6246  35  57  61  67   0  26   7.92    9    9    1 
    6278  14  41  52   .   1  26   6.17    7   10    1 
    6288  31  54  66  78   1  26   6.58   11    8    1 
    6295  22  53  57  61   1  26   7.00   11    7    0 
    6301  22  47  55  66   0  26   6.83   10   13    0 
    6303  36  56  83  79   1  26   6.75    7    9    0 
    6309  24  52  58  79   1  26   7.25   10   11    0 
    6339  39  49  57  65   1  26   7.92    9   12    1 
    6349  25  51  57  62   0  27   7.00    5   11    1 
    6368  34   .   .   .   1  26   7.08    8    7    0 
    6376  41  56  59   .   1  27   7.50    6   11    0 
    6379  24  30  41   .   1  26   7.67    7    8    1 
    6395  25  39  53  51   0  26   6.58   10    7    0 
    6405  22   .   .   .   1  27   7.42    8   12    0 
    6410  22  50  61  81   0  26   6.25    5   11    0 
    6411  21  34  43  44   1  26   7.17    7    9    1 
    6414  26  38  58  61   0  26   7.08   11   10    1 
    6422  17  21  24   .   0  26   6.17    4    9    0 
    6433  17  44  49  58   1  27   6.08    7   11    0 
    6445  46  59   .   .   0  26   7.50   13   11    1 
    6456  18  51   .   .   0  26   6.00   12   12    1 
    6469  17  25   .   .   0  26   6.08    8    8    1 
    6476  19  30   .   .   0  26   7.33   11   10    0 
    6490  31  51   .   .   1  26   7.50    6   12    0 
    6529  51  53   .   .   0  26   7.83    6   10    0 
    6532  24  42   .   .   0  26   7.00   10    7    1 
    6551  12  40   .   .   1  26   6.33    8    9    0 
    6583  26  34   .   .   1  26   7.83   10    7    1 
    6612  19  37   .   .   0  27   6.42    5   11    1 
    6734  21  47  70  82   0  27   6.25    7   11    1 
    6825  26  44  46  50   0  25   8.00   11   10    0 
    6853  28  28  39  40   0  25   7.67   10    7    1 
    6874  22  42   .   .   0  26   6.25   10    8    0 
    6878  19  48  58  74   1  26   6.17   13   10    0 
    6907  19  26  39  48   0  26   7.42    8    8    1 
    6919  25  43  65  60   0  26   6.50    6   10    0 
    6932  33  42  44  66   1  25   7.00    5   12    0 
    6975  18  36   .   .   1  25   6.25    9   10    0 
    6997  36  51  56   .   1  25   8.00    5    4    1 
    7045  32  50  65  72   1  26   6.42   11   13    0 
    7119  39   .   .   .   1  26   8.00   11   10    1 
    7185  18  26  31  40   1  25   6.08    5   11    0 
    7201  44  57   .   .   0  26   7.50   11    8    1 
    7211  22  34   .   .   1  25   7.58    4    9    1 
    7221  21  38   .   .   0  25   6.50   10   12    0 
    7236  51  66   .   .   1  25   8.00    8   11    1 
    7242  36  55   .   .   0  25   7.75   11    8    1 
    7244  35   .   .   .   1  25   7.75    9   10    1 
    7247  25  38   .   .   0  26   7.75    8   11    1 
    7259  19  32   .   .   0  26   7.17    2    4    1 
    7266  17  42   .   .   1  25   6.00    9   11    1 
    7288  16  25   .   .   1  26   6.42    9   13    0 
    7290  18  26   .   .   0  25   6.08    4   10    0 
    7295  31  37   .   .   0  26   7.00    9    6    1 
    7297  47  53   .   .   1  25   7.50    8    8    1 
    7307  33  54   .   .   1  25   6.50   11   11    0 
    7311  40  58   .   .   0  25   7.75   10   12    1 
    7315  19  46   .   .   1  25   7.50    6   10    1 
    7325  17  39   .   .   0  25   6.25    7    9    1 
    7380  22  28  34  45   0  25   6.75   10   11    0 
    7388  18  32   .  65   1  25   7.83    7   12    1 
    7424  47  60   .   .   1  25   7.58    4   10    1 
    7427  25  37   .   .   1  26   7.33    6   11    1 
    7482  17  48  58  60   1  24   6.33    6   12    0 
    7509  29   .  35  38   0  24   7.92    2    7    0 
    7572  19  38  50  48   1  24   6.83   11   11    0 
    7576  28  46   .  49   0  24   7.00   10    9    0 
    7579  27  41  54  57   1  24   8.00   10   10    1 
    7600  17  39  50  60   0  25   6.17    9   11    0 
    7643  28  41   .   .   0  25   7.92    9    7    1 
    7673  18  35  43  54   1  25   6.33    4    8    0 
    7716   9  27  38  47   0  24   6.17   10    9    0 
    7725  25   .  45  61   0  25   6.75    9   11    0 
    7728  17  37  47  70   1  24   6.17    5   10    1 
    7734  22  51  60  70   0  24   6.42   10   11    1 
    7798  17  16  22  25   1  24   6.83    9    8    0 
    7811  21  30   .  35   1  24   6.25    1    8    0 
    7855  17  32  39  47   0  24   6.33    6   11    0 
    7869  18  32  53  59   0  24   6.58   10    8    0 
    7873  45  52  61  79   1  24   7.92   11   10    1 
    7875  21  55  68  69   1  24   6.50    9   10    0 
    7891  18  36   .   .   0  24   6.42    3    1    0 
    7904  30  47   .   .   1  24   7.67    7    8    1 
    7905  26  44   .   .   0  24   7.58    8   10    1 
    7919  18   .   .   .   1  25   6.42   11   10    1 
    7938  36  50   .   .   0  24   6.50    8   12    0 
    7979  30   .   .   .   0  24   6.75    9   12    1 
    7986  17  21  24  34   1  25   6.92   11   11    0 
    8006  13  26  34  42   1  24   6.08    5    7    1 
    8031  32  49   .   .   0  24   7.83   11   10    0 
    8085  17  37  50  65   0  24   6.33    9   11    0 
    8157  35  47   .   .   0  23   7.92    4    9    0 
    8190  21  47  57  52   1  23   6.75    2    9    0 
    8239  34  46  58  64   0  23   8.00    7   10    0 
    8274  16  52  56  66   0  24   7.25    7   12    0 
    8288  21  24  34  39   1  23   7.42    9    7    1 
    8335  17   .   .   .   0  23   6.50   12   12    1 
    8361  51  57  63  75   1  23   7.83    8    8    1 
    8393  26  37  46  63   1  23   7.17   10    9    1 
    8423  23  42   .   .   0  23   7.08    7    8    0 
    8448  22  40   .   .   0  23   6.50    8    7    1 
    8459  22  33   .   .   1  24   6.92    9   10    1 
    8475  19  42   .   .   0  23   6.17   12   10    0 
    8480  28  42   .   .   1  23   7.25    8   11    0 
    8521  40  52  57  80   0  23   7.67    4    9    1 
    8577  21   .  48   .   0  22   6.50    4    5    1 
    8580  13   .  37   .   0  23   6.00    0    4    0 
    8627  16  25  26  37   1  22   6.08    8    8    0 
    8705  18  49  59  70   0  22   6.08   10    9    0 
    8807  18  33  44  61   1  22   6.42    9   12    1 
    8870  17  37  55  63   0  23   6.00    3   10    1 
    8915  37  53   .   .   1  23   7.42    5    7    1 
    8958  24  27   .   .   0  22   7.00    9    8    0 
    9232  43  42   .   .   0  22   7.17    9   11    0 
    9286  18  38   .   .   1  21   6.42    4    9    0 
    9317  18  34   .   .   1  21   6.00   10    9    0 
    9319   9  52   .   .   1  21   6.00    6    8    1 
